Number of nodes 346 
     0 :  1.0000000e+00  1.0000000e+00 
     1 :  1.0000000e+00  0.0000000e+00 
     2 :  0.0000000e+00  0.0000000e+00 
     3 :  0.0000000e+00  1.0000000e+00 
     4 :  1.0000000e+00  9.3750000e-01 
     5 :  1.0000000e+00  8.7500000e-01 
     6 :  1.0000000e+00  8.1250000e-01 
     7 :  1.0000000e+00  7.5000000e-01 
     8 :  1.0000000e+00  6.8750000e-01 
     9 :  1.0000000e+00  6.2500000e-01 
    10 :  1.0000000e+00  5.6250000e-01 
    11 :  1.0000000e+00  5.0000000e-01 
    12 :  1.0000000e+00  4.3750000e-01 
    13 :  1.0000000e+00  3.7500000e-01 
    14 :  1.0000000e+00  3.1250000e-01 
    15 :  1.0000000e+00  2.5000000e-01 
    16 :  1.0000000e+00  1.8750000e-01 
    17 :  1.0000000e+00  1.2500000e-01 
    18 :  1.0000000e+00  6.2500000e-02 
    19 :  9.3750000e-01  0.0000000e+00 
    20 :  8.7500000e-01  0.0000000e+00 
    21 :  8.1250000e-01  0.0000000e+00 
    22 :  7.5000000e-01  0.0000000e+00 
    23 :  6.8750000e-01  0.0000000e+00 
    24 :  6.2500000e-01  0.0000000e+00 
    25 :  5.6250000e-01  0.0000000e+00 
    26 :  5.0000000e-01  0.0000000e+00 
    27 :  4.3750000e-01  0.0000000e+00 
    28 :  3.7500000e-01  0.0000000e+00 
    29 :  3.1250000e-01  0.0000000e+00 
    30 :  2.5000000e-01  0.0000000e+00 
    31 :  1.8750000e-01  0.0000000e+00 
    32 :  1.2500000e-01  0.0000000e+00 
    33 :  6.2500000e-02  0.0000000e+00 
    34 :  0.0000000e+00  6.2500000e-02 
    35 :  0.0000000e+00  1.2500000e-01 
    36 :  0.0000000e+00  1.8750000e-01 
    37 :  0.0000000e+00  2.5000000e-01 
    38 :  0.0000000e+00  3.1250000e-01 
    39 :  0.0000000e+00  3.7500000e-01 
    40 :  0.0000000e+00  4.3750000e-01 
    41 :  0.0000000e+00  5.0000000e-01 
    42 :  0.0000000e+00  5.6250000e-01 
    43 :  0.0000000e+00  6.2500000e-01 
    44 :  0.0000000e+00  6.8750000e-01 
    45 :  0.0000000e+00  7.5000000e-01 
    46 :  0.0000000e+00  8.1250000e-01 
    47 :  0.0000000e+00  8.7500000e-01 
    48 :  0.0000000e+00  9.3750000e-01 
    49 :  6.2500000e-02  1.0000000e+00 
    50 :  1.2500000e-01  1.0000000e+00 
    51 :  1.8750000e-01  1.0000000e+00 
    52 :  2.5000000e-01  1.0000000e+00 
    53 :  3.1250000e-01  1.0000000e+00 
    54 :  3.7500000e-01  1.0000000e+00 
    55 :  4.3750000e-01  1.0000000e+00 
    56 :  5.0000000e-01  1.0000000e+00 
    57 :  5.6250000e-01  1.0000000e+00 
    58 :  6.2500000e-01  1.0000000e+00 
    59 :  6.8750000e-01  1.0000000e+00 
    60 :  7.5000000e-01  1.0000000e+00 
    61 :  8.1250000e-01  1.0000000e+00 
    62 :  8.7500000e-01  1.0000000e+00 
    63 :  9.3750000e-01  1.0000000e+00 
    64 :  4.9699069e-01  5.0161725e-01 
    65 :  2.8590872e-01  7.0444242e-01 
    66 :  3.0080979e-01  2.8716010e-01 
    67 :  6.9494672e-01  7.1359560e-01 
    68 :  7.0831961e-01  2.8221354e-01 
    69 :  7.7982215e-01  5.1430537e-01 
    70 :  4.9873671e-01  2.3506715e-01 
    71 :  5.1096999e-01  7.8955504e-01 
    72 :  2.4106932e-01  5.0065770e-01 
    73 :  1.7451790e-01  8.3292615e-01 
    74 :  8.3000158e-01  1.5667281e-01 
    75 :  1.6398867e-01  1.7139491e-01 
    76 :  8.3612759e-01  8.2828303e-01 
    77 :  3.5156621e-01  4.4338922e-01 
    78 :  6.3726307e-01  4.3574755e-01 
    79 :  3.5106603e-01  8.5167863e-01 
    80 :  8.3661071e-01  6.4387839e-01 
    81 :  1.4893955e-01  3.5190288e-01 
    82 :  6.4221863e-01  1.6737084e-01 
    83 :  8.4485773e-01  3.5693805e-01 
    84 :  6.3675171e-01  8.6101066e-01 
    85 :  3.6523074e-01  1.3799984e-01 
    86 :  1.3884551e-01  6.6089453e-01 
    87 :  6.2282291e-01  5.8503843e-01 
    88 :  5.1456569e-01  3.6711663e-01 
    89 :  3.5396201e-01  5.6024639e-01 
    90 :  5.8354845e-01  6.8169693e-01 
    91 :  4.0021611e-01  3.2032514e-01 
    92 :  5.3932731e-01  1.2501327e-01 
    93 :  8.9515614e-01  5.3710561e-01 
    94 :  1.2169991e-01  4.9170712e-01 
    95 :  4.6245953e-01  8.8105407e-01 
    96 :  6.0560972e-01  2.7038359e-01 
    97 :  7.2539723e-01  6.1093355e-01 
    98 :  7.3451915e-01  1.0556234e-01 
    99 :  2.7350668e-01  8.8474389e-01 
   100 :  8.7971954e-01  7.2254932e-01 
   101 :  1.1608201e-01  2.7453403e-01 
   102 :  7.3328024e-01  9.0411270e-01 
   103 :  1.0974378e-01  7.2869438e-01 
   104 :  9.0352995e-01  2.6680778e-01 
   105 :  2.6770899e-01  9.5714515e-02 
   106 :  3.8614072e-01  7.3166105e-01 
   107 :  2.6466365e-01  3.8610361e-01 
   108 :  7.4369067e-01  3.9694601e-01 
   109 :  5.4325118e-01  6.0980630e-01 
   110 :  2.5375805e-01  6.2928995e-01 
   111 :  5.7755334e-01  8.8692691e-01 
   112 :  4.2647204e-01  1.0522142e-01 
   113 :  8.9733085e-02  5.6418362e-01 
   114 :  9.0931025e-01  4.3948336e-01 
   115 :  7.2583261e-01  2.1781967e-01 
   116 :  1.9996186e-01  7.2899464e-01 
   117 :  6.9116814e-01  5.2066216e-01 
   118 :  4.6477514e-01  4.1804895e-01 
   119 :  6.0199947e-01  5.0296931e-01 
   120 :  5.1087502e-01  6.9338826e-01 
   121 :  3.4319736e-01  6.5433469e-01 
   122 :  5.7442757e-01  7.9048272e-01 
   123 :  4.4558867e-01  2.1757614e-01 
   124 :  6.5429044e-01  3.5261416e-01 
   125 :  1.8100047e-01  9.1992407e-01 
   126 :  7.9727885e-02  1.8192776e-01 
   127 :  9.1966309e-01  8.1749973e-01 
   128 :  9.3690475e-01  2.0418605e-01 
   129 :  2.0859468e-01  6.3095535e-02 
   130 :  5.8230530e-02  8.0182917e-01 
   131 :  7.9111786e-01  9.3725451e-01 
   132 :  3.3555653e-01  3.4707970e-01 
   133 :  3.6774146e-01  9.1343200e-01 
   134 :  8.7009515e-02  3.6969938e-01 
   135 :  6.2469971e-01  9.6959930e-02 
   136 :  8.9399821e-01  5.9942534e-01 
   137 :  6.5820290e-02  6.6462826e-01 
   138 :  3.0903633e-01  5.0909996e-01 
   139 :  5.2223117e-01  4.3451825e-01 
   140 :  5.7118185e-01  1.9784736e-01 
   141 :  6.6677688e-01  2.3275900e-01 
   142 :  8.3666177e-01  4.4716171e-01 
   143 :  1.6821537e-01  5.6722885e-01 
   144 :  7.8373200e-01  5.7083555e-01 
   145 :  1.9004316e-01  4.3132781e-01 
   146 :  4.2929596e-01  8.1419125e-01 
   147 :  6.5647080e-01  6.4739552e-01 
   148 :  7.6764154e-01  6.7965023e-01 
   149 :  4.4890337e-01  5.6636575e-01 
   150 :  3.2061054e-01  2.3641397e-01 
   151 :  4.7859533e-01  2.9084548e-01 
   152 :  6.7713370e-01  7.6473676e-01 
   153 :  2.2500964e-01  3.1917217e-01 
   154 :  3.1964607e-01  7.7520148e-01 
   155 :  6.9407807e-01  9.4618470e-02 
   156 :  3.1532746e-01  9.4939393e-01 
   157 :  5.0516365e-02  3.1595760e-01 
   158 :  9.4564967e-01  6.7731410e-01 
   159 :  5.5334709e-01  8.2171839e-01 
   160 :  4.6395667e-01  1.6493569e-01 
   161 :  2.8208425e-01  5.5678319e-01 
   162 :  5.7061385e-01  3.9545940e-01 
   163 :  7.7803278e-01  3.2762645e-01 
   164 :  4.4950190e-01  3.5793186e-01 
   165 :  3.9281510e-01  6.1086233e-01 
   166 :  6.0293772e-01  6.3131229e-01 
   167 :  7.1060197e-01  4.6591782e-01 
   168 :  4.9462818e-01  5.6748455e-02 
   169 :  4.9595097e-01  9.2533116e-01 
   170 :  9.4949935e-01  4.9288056e-01 
   171 :  5.9157850e-02  5.0896423e-01 
   172 :  1.7935318e-01  4.9382811e-01 
   173 :  8.3836378e-01  5.2061086e-01 
   174 :  3.8124513e-01  3.9920205e-01 
   175 :  7.1207921e-01  1.4748692e-01 
   176 :  1.6949816e-01  2.9707761e-01 
   177 :  2.9749472e-01  8.3173039e-01 
   178 :  8.2488253e-01  7.0058155e-01 
   179 :  2.3991322e-01  1.4518209e-01 
   180 :  7.6081376e-01  8.5441813e-01 
   181 :  8.5336991e-01  2.3618847e-01 
   182 :  1.7304426e-01  7.5312049e-01 
   183 :  4.2645389e-01  6.6624157e-01 
   184 :  2.4123350e-01  6.9149770e-01 
   185 :  9.5111397e-01  2.9498036e-01 
   186 :  2.9478823e-01  4.8127195e-02 
   187 :  7.0578388e-01  9.5171080e-01 
   188 :  5.5950700e-01  7.4279852e-01 
   189 :  3.3378834e-01  7.1855029e-01 
   190 :  7.2239487e-01  3.3804463e-01 
   191 :  5.5938789e-01  5.2423172e-01 
   192 :  5.3378945e-01  3.1063076e-01 
   193 :  5.9441015e-02  2.5647433e-01 
   194 :  7.4595575e-01  5.6714080e-02 
   195 :  9.3928761e-01  7.4196700e-01 
   196 :  2.5639300e-01  9.3986134e-01 
   197 :  6.8408936e-01  5.5282334e-01 
   198 :  7.3193094e-01  5.6148965e-01 
   199 :  6.3875364e-01  9.3322585e-01 
   200 :  3.6197282e-01  6.5521360e-02 
   201 :  4.6258610e-02  5.9837461e-01 
   202 :  9.3202997e-01  3.6548408e-01 
   203 :  5.9379741e-01  1.4535424e-01 
   204 :  5.1824394e-01  1.8033991e-01 
   205 :  2.4794562e-01  8.1067392e-01 
   206 :  7.5634400e-01  1.7566280e-01 
   207 :  1.9034770e-01  2.4542259e-01 
   208 :  8.0810450e-01  7.5409892e-01 
   209 :  9.5590704e-01  9.5166881e-01 
   210 :  9.4073832e-01  6.3396145e-02 
   211 :  4.8147935e-02  9.5587068e-01 
   212 :  4.3129715e-02  4.8212440e-02 
   213 :  3.5282639e-01  3.0097817e-01 
   214 :  2.8170859e-01  3.3538722e-01 
   215 :  4.2800433e-01  9.4322631e-01 
   216 :  5.4881250e-02  4.3299052e-01 
   217 :  5.7049565e-01  6.2425475e-02 
   218 :  9.4854482e-01  5.5230190e-01 
   219 :  7.0870994e-01  8.3276292e-01 
   220 :  1.5422761e-01  7.0921792e-01 
   221 :  2.9200693e-01  1.6658376e-01 
   222 :  8.3042270e-01  2.8693030e-01 
   223 :  8.4050453e-01  5.8339222e-01 
   224 :  3.6899961e-01  4.7745191e-01 
   225 :  7.1218079e-01  6.6173176e-01 
   226 :  3.0905576e-01  4.4481849e-01 
   227 :  2.5080272e-01  4.4153112e-01 
   228 :  6.5812963e-01  2.8342659e-01 
   229 :  5.5255212e-01  2.5219474e-01 
   230 :  4.8154446e-01  8.4111834e-01 
   231 :  9.6377213e-01  2.5133823e-01 
   232 :  2.5162378e-01  3.6202325e-02 
   233 :  5.7837230e-02  7.3954551e-01 
   234 :  7.4849309e-01  9.6408972e-01 
   235 :  8.2036972e-01  7.2642710e-02 
   236 :  8.4671980e-01  9.3754245e-01 
   237 :  6.0278700e-02  8.4656635e-01 
   238 :  1.5338925e-01  6.1811405e-02 
   239 :  9.4046322e-01  1.2762919e-01 
   240 :  4.7843499e-01  6.3705228e-01 
   241 :  7.6631777e-01  4.5492921e-01 
   242 :  7.9906955e-01  3.8028495e-01 
   243 :  6.3855485e-01  6.9836498e-01 
   244 :  3.0685560e-01  5.9392777e-01 
   245 :  4.5436582e-01  7.3980665e-01 
   246 :  4.0902220e-01  8.8194261e-01 
   247 :  1.1904240e-01  4.1495917e-01 
   248 :  7.3126185e-01  7.8237394e-01 
   249 :  2.2887947e-01  7.4085756e-01 
   250 :  2.6782158e-01  2.1759689e-01 
   251 :  7.6856601e-01  2.6398083e-01 
   252 :  2.0573249e-01  3.7273760e-01 
   253 :  3.7352937e-01  7.9345181e-01 
   254 :  6.5689468e-01  4.9290215e-01 
   255 :  4.4147889e-01  4.8737439e-01 
   256 :  8.4810627e-01  1.1946024e-01 
   257 :  8.7217978e-01  8.4960948e-01 
   258 :  1.2698702e-01  1.4989858e-01 
   259 :  1.5009581e-01  8.6898944e-01 
   260 :  6.1641024e-01  8.9264836e-01 
   261 :  3.8580308e-01  1.0450349e-01 
   262 :  8.8159981e-01  4.0350885e-01 
   263 :  1.1544802e-01  6.1281648e-01 
   264 :  1.8856639e-01  6.3872924e-01 
   265 :  6.8756509e-01  4.1448325e-01 
   266 :  4.2483487e-01  2.7106438e-01 
   267 :  2.9431540e-01  6.6378631e-01 
   268 :  2.0522590e-01  7.8576135e-01 
   269 :  2.1497417e-01  1.9521723e-01 
   270 :  8.0290624e-01  2.0698241e-01 
   271 :  7.8606131e-01  8.0363942e-01 
   272 :  5.4559744e-01  6.6473157e-01 
   273 :  5.0256727e-01  4.0468218e-01 
   274 :  5.9009760e-01  3.2909957e-01 
   275 :  4.1678591e-01  4.4541612e-01 
   276 :  3.8862050e-01  6.8544927e-01 
   277 :  5.2863557e-01  8.6842098e-01 
   278 :  4.8160904e-01  1.1205751e-01 
   279 :  5.8387665e-01  5.6188246e-01 
   280 :  5.8881922e-01  4.5530718e-01 
   281 :  6.7406798e-01  5.5363695e-02 
   282 :  4.1232781e-01  1.5309132e-01 
   283 :  7.7964840e-01  6.2577670e-01 
   284 :  5.9397610e-01  8.4332867e-01 
   285 :  1.9696618e-01  6.9246516e-01 
   286 :  7.2738389e-01  5.1479771e-01 
   287 :  3.4228914e-01  1.8587564e-01 
   288 :  6.5858910e-01  8.1405135e-01 
   289 :  6.4080925e-01  5.4285104e-01 
   290 :  8.1702791e-01  3.2276598e-01 
   291 :  3.7297475e-01  2.5275271e-01 
   292 :  8.9975337e-01  4.7886558e-01 
   293 :  1.2348786e-01  5.3951796e-01 
   294 :  8.7581587e-01  1.8054275e-01 
   295 :  1.8814150e-01  1.2314865e-01 
   296 :  8.1224773e-01  8.7627721e-01 
   297 :  1.2406931e-01  7.9593752e-01 
   298 :  2.3729278e-01  5.6010561e-01 
   299 :  5.6680339e-01  9.3948606e-01 
   300 :  4.3241094e-01  5.5602100e-02 
   301 :  9.4741728e-01  4.3690917e-01 
   302 :  3.3520355e-02  5.5842460e-01 
   303 :  3.2810767e-01  9.0126529e-01 
   304 :  6.6943332e-01  1.2460931e-01 
   305 :  9.9216250e-02  3.2937902e-01 
   306 :  8.9146955e-01  6.6265244e-01 
   307 :  7.0067029e-01  2.4419042e-01 
   308 :  5.4165562e-01  4.7836052e-01 
   309 :  6.2161253e-01  2.1686313e-01 
   310 :  9.4779970e-01  6.1412601e-01 
   311 :  5.0000230e-02  3.7302528e-01 
   312 :  3.7133968e-01  9.4987308e-01 
   313 :  4.0007671e-01  5.2202296e-01 
   314 :  6.2335286e-01  7.5065407e-01 
   315 :  4.6288170e-01  5.1580205e-01 
   316 :  4.8141549e-01  4.6039368e-01 
   317 :  3.9339040e-01  2.0235453e-01 
   318 :  6.8162159e-01  8.8146908e-01 
   319 :  3.1883250e-01  1.1793205e-01 
   320 :  8.7824457e-01  3.1858292e-01 
   321 :  1.0564453e-01  6.8502790e-01 
   322 :  6.1047908e-01  7.9883153e-01 
   323 :  5.1273997e-01  5.4996417e-01 
   324 :  6.2307937e-01  3.6233390e-02 
   325 :  6.7262261e-01  5.9839451e-01 
   326 :  7.8368803e-01  1.2876548e-01 
   327 :  2.2125232e-01  8.6107638e-01 
   328 :  1.3809192e-01  2.1974891e-01 
   329 :  8.6072395e-01  7.7928540e-01 
   330 :  3.2014649e-01  3.9398288e-01 
   331 :  2.7090150e-01  7.5786497e-01 
   332 :  2.4513438e-01  2.6878661e-01 
   333 :  7.5233825e-01  7.3118050e-01 
   334 :  6.2165117e-01  3.9530648e-01 
   335 :  8.8377462e-01  6.3806460e-02 
   336 :  7.3146155e-02  9.2067610e-02 
   337 :  9.2646543e-01  9.0771227e-01 
   338 :  9.1469275e-02  9.2621315e-01 
   339 :  3.7396873e-01  3.5360138e-01 
   340 :  8.6291854e-01  8.9355063e-01 
   341 :  8.8656728e-01  1.2378016e-01 
   342 :  1.3641743e-01  1.0606658e-01 
   343 :  1.0487516e-01  8.6102152e-01 
   344 :  6.8625395e-01  1.8968300e-01 
   345 :  6.0851192e-01  5.3562333e-01 
Number of quads 313 
     0 :    165    121    276    183 
     1 :    165     89    244    121 
     2 :    245     71    188    120 
     3 :    227    107    252    145 
     4 :    159    122    188     71 
     5 :    326    235    194     98 
     6 :    328    126    193    101 
     7 :    329    127    195    100 
     8 :    327    125    196     99 
     9 :    233    130    297    103 
    10 :    262    142    292    114 
    11 :    263    143    293    113 
    12 :    162    274    192     88 
    13 :     58     59    187    199 
    14 :     28     29    186    200 
    15 :     13     14    185    202 
    16 :    203     82    304    135 
    17 :     19    210     18      1 
    18 :      4    209     63      0 
    19 :     49    211     48      3 
    20 :     34    212     33      2 
    21 :    172     72    227    145 
    22 :    318     84    260    199 
    23 :    319     85    261    200 
    24 :    320     83    262    202 
    25 :    321     86    263    137 
    26 :    213     66    214    132 
    27 :    306    136    223     80 
    28 :    162     88    273    139 
    29 :     44    137    201     43 
    30 :    203    135    217     92 
    31 :    305    134    247     81 
    32 :    303    133    246     79 
    33 :     90    272    120    188 
    34 :    240    149    165    183 
    35 :    124    190     68    228 
    36 :     77    226    138    224 
    37 :    168    217     25     26 
    38 :    169    215     55     56 
    39 :    171    216     40     41 
    40 :    170    218     10     11 
    41 :    146    245    106    253 
    42 :    309     96    228    141 
    43 :    172    143    298     72 
    44 :    121    267     65    189 
    45 :    204     70    229    140 
    46 :    309    140    229     96 
    47 :    198     97    283    144 
    48 :    263     86    264    143 
    49 :    173    142    241     69 
    50 :    262     83    242    142 
    51 :    225    148    283     97 
    52 :    130     46     47    237 
    53 :    128     16     17    239 
    54 :    129     31     32    238 
    55 :    131     61     62    236 
    56 :    125    338     50     51 
    57 :    126    336     35     36 
    58 :    127    337      5      6 
    59 :    178     80    283    148 
    60 :    245    120    240    183 
    61 :    178    148    333    208 
    62 :    245    146    230     71 
    63 :     68    307    141    228 
    64 :    172    145    247     94 
    65 :    230    146    246     95 
    66 :    247    145    252     81 
    67 :    246    146    253     79 
    68 :    123    266    151     70 
    69 :    243     67    225    147 
    70 :    313    149    315    255 
    71 :    166     90    243    147 
    72 :    166    147    325     87 
    73 :    123     70    204    160 
    74 :    154    189     65    331 
    75 :    110    264    285    184 
    76 :    164     88    192    151 
    77 :    126     36     37    193 
    78 :    127      6      7    195 
    79 :    125     51     52    196 
    80 :    235     21     22    194 
    81 :    240    109    323    149 
    82 :     70    151    192    229 
    83 :    250    150    287    221 
    84 :    248    152    288    219 
    85 :    138    161    244     89 
    86 :    118    273     88    164 
    87 :     80    223    144    283 
    88 :    164    151    266     91 
    89 :    195    158    306    100 
    90 :    196    156    303     99 
    91 :    193    157    305    101 
    92 :    176     81    252    153 
    93 :    177     79    253    154 
    94 :    214    153    252    107 
    95 :    189    154    253    106 
    96 :    176    153    332    207 
    97 :    177    154    331    205 
    98 :    250    221    179    269 
    99 :    251    222    181    270 
   100 :    248    219    180    271 
   101 :    249    116    182    268 
   102 :    138     72    298    161 
   103 :    206    175    344    115 
   104 :    171     41     42    302 
   105 :    170     11     12    301 
   106 :    169     56     57    299 
   107 :    168     26     27    300 
   108 :    155     98    194    281 
   109 :    138     89    313    224 
   110 :    251     68    190    163 
   111 :    242    163    190    108 
   112 :    177    205    327     99 
   113 :    175    206    326     98 
   114 :    176    207    328    101 
   115 :    178    208    329    100 
   116 :    304    155    281    135 
   117 :    303    156    312    133 
   118 :    305    157    311    134 
   119 :    306    158    310    136 
   120 :    129    105    186    232 
   121 :    131    102    187    234 
   122 :    128    104    185    231 
   123 :    162    280     78    334 
   124 :    294    341    256     74 
   125 :    295    342    258     75 
   126 :    297    343    259     73 
   127 :    296    340    257     76 
   128 :    247    216    171     94 
   129 :    246    215    169     95 
   130 :    127    257    340    337 
   131 :    125    259    343    338 
   132 :    126    258    342    336 
   133 :    148    225     67    333 
   134 :    153    214     66    332 
   135 :    129    295    179    105 
   136 :    131    296    180    102 
   137 :    220    103    297    182 
   138 :    128    294    181    104 
   139 :    155    304    175     98 
   140 :    284    159    277    111 
   141 :    282    160    278    112 
   142 :    128    231     15     16 
   143 :    129    232     30     31 
   144 :    131    234     60     61 
   145 :    130    233     45     46 
   146 :     82    203    140    309 
   147 :    241    108    265    167 
   148 :    164    174    275    118 
   149 :    160    204     92    278 
   150 :     90    166    109    272 
   151 :    157     38     39    311 
   152 :    158      8      9    310 
   153 :    156     53     54    312 
   154 :    244    161    298    110 
   155 :    124    228     96    274 
   156 :    174     77    224    275 
   157 :    274    162    334    124 
   158 :    108    241    142    242 
   159 :     92    204    140    203 
   160 :    239    210    335    341 
   161 :    124    265    108    190 
   162 :    254    167    265     78 
   163 :    111    260     84    284 
   164 :    256    341    335    235 
   165 :    251    163    290    222 
   166 :    217    168    278     92 
   167 :    112    261     85    282 
   168 :     91    339    174    164 
   169 :    109    166     87    279 
   170 :     28    200    300     27 
   171 :     58    199    299     57 
   172 :     43    201    302     42 
   173 :     13    202    301     12 
   174 :    254    119    345    289 
   175 :     29     30    232    186 
   176 :     44     45    233    137 
   177 :     14     15    231    185 
   178 :     59     60    234    187 
   179 :    276    106    245    183 
   180 :    254    117    286    167 
   181 :    149    313     89    165 
   182 :    106    276    121    189 
   183 :     72    138    226    227 
   184 :    330    107    227    226 
   185 :    107    330    132    214 
   186 :    188    122    322    314 
   187 :    229    192    274     96 
   188 :    163    242     83    290 
   189 :    157    193     37     38 
   190 :    156    196     52     53 
   191 :    158    195      7      8 
   192 :    113    201    137    263 
   193 :    277    169    299    111 
   194 :    278    168    300    112 
   195 :    218    170    292     93 
   196 :    110    184     65    267 
   197 :    301    114    292    170 
   198 :     94    171    113    293 
   199 :    198    197    325     97 
   200 :    202    185    104    320 
   201 :    200    186    105    319 
   202 :    199    187    102    318 
   203 :    233    103    321    137 
   204 :    251    270    206    115 
   205 :    167    286     69    241 
   206 :    132    339     91    213 
   207 :    323    109    279    191 
   208 :    119    254     78    280 
   209 :    275    224    313    255 
   210 :    143    172     94    293 
   211 :    142    173     93    292 
   212 :    115    344    141    307 
   213 :    249    184    285    116 
   214 :    121    244    110    267 
   215 :    197    198    286    117 
   216 :    144     69    286    198 
   217 :    268    182    297     73 
   218 :    269    179    295     75 
   219 :    270    181    294     74 
   220 :    271    180    296     76 
   221 :     99    303     79    177 
   222 :    101    305     81    176 
   223 :    100    306     80    178 
   224 :    325    197    289     87 
   225 :     23    281    194     22 
   226 :    169    277    230     95 
   227 :     71    230    277    159 
   228 :    109    240    120    272 
   229 :    330    174    339    132 
   230 :     66    213    291    150 
   231 :    304     82    344    175 
   232 :     67    243    314    152 
   233 :    261    112    300    200 
   234 :    262    114    301    202 
   235 :    260    111    299    199 
   236 :    171    302    201    113 
   237 :    182    116    285    220 
   238 :    264     86    220    285 
   239 :    319    221    287     85 
   240 :    318    219    288     84 
   241 :    320    222    290     83 
   242 :    162    139    308    280 
   243 :    191    119    280    308 
   244 :    268    205    331    249 
   245 :    269    207    332    250 
   246 :    271    208    333    248 
   247 :    308     64    323    191 
   248 :    119    191    279    345 
   249 :    213     91    266    291 
   250 :    317    291    266    123 
   251 :    139    316     64    308 
   252 :    124    334     78    265 
   253 :    269     75    328    207 
   254 :    271     76    329    208 
   255 :    270     74    326    206 
   256 :    268     73    327    205 
   257 :    136     93    173    223 
   258 :     69    144    223    173 
   259 :     39     40    216    311 
   260 :     54     55    215    312 
   261 :     24     25    217    324 
   262 :      9     10    218    310 
   263 :    197    117    254    289 
   264 :    275    255    316    118 
   265 :    296    131    236    340 
   266 :    295    129    238    342 
   267 :    294    128    239    341 
   268 :    297    130    237    343 
   269 :    180    219    318    102 
   270 :    179    221    319    105 
   271 :    181    222    320    104 
   272 :     86    321    103    220 
   273 :    246    133    312    215 
   274 :     93    136    310    218 
   275 :    247    134    311    216 
   276 :      5    337    209      4 
   277 :     50    338    211     49 
   278 :     20    335    210     19 
   279 :     35    336    212     34 
   280 :     17     18    210    239 
   281 :     47     48    211    338 
   282 :     62     63    209    337 
   283 :     32     33    212    336 
   284 :    139    273    118    316 
   285 :     68    251    115    307 
   286 :     97    325    147    225 
   287 :    174    330    226     77 
   288 :    188    314    243     90 
   289 :    110    298    143    264 
   290 :     21    235    335     20 
   291 :    340    236     62    337 
   292 :    343    237     47    338 
   293 :    342    238     32    336 
   294 :    184    249    331     65 
   295 :    150    250    332     66 
   296 :    315     64    316    255 
   297 :    152    248    333     67 
   298 :     73    259    125    327 
   299 :     76    257    127    329 
   300 :     74    256    235    326 
   301 :     75    258    126    328 
   302 :    291    317    287    150 
   303 :    314    322    288    152 
   304 :    160    282    317    123 
   305 :    159    284    322    122 
   306 :    284     84    288    322 
   307 :    282     85    287    317 
   308 :    217    135    281    324 
   309 :    279     87    289    345 
   310 :     23     24    324    281 
   311 :     64    315    149    323 
   312 :     82    309    141    344 
