Number of nodes 53 
     0 :  1.0000000e+00  1.0000000e+00 
     1 :  1.0000000e+00  0.0000000e+00 
     2 :  0.0000000e+00  0.0000000e+00 
     3 :  0.0000000e+00  1.0000000e+00 
     4 :  1.0000000e+00  8.3333334e-01 
     5 :  1.0000000e+00  6.6666666e-01 
     6 :  1.0000000e+00  5.0000000e-01 
     7 :  1.0000000e+00  3.3333334e-01 
     8 :  1.0000000e+00  1.6666666e-01 
     9 :  8.3333334e-01  0.0000000e+00 
    10 :  6.6666666e-01  0.0000000e+00 
    11 :  5.0000000e-01  0.0000000e+00 
    12 :  3.3333334e-01  0.0000000e+00 
    13 :  1.6666666e-01  0.0000000e+00 
    14 :  0.0000000e+00  1.6666666e-01 
    15 :  0.0000000e+00  3.3333334e-01 
    16 :  0.0000000e+00  5.0000000e-01 
    17 :  0.0000000e+00  6.6666666e-01 
    18 :  0.0000000e+00  8.3333334e-01 
    19 :  1.6666666e-01  1.0000000e+00 
    20 :  3.3333334e-01  1.0000000e+00 
    21 :  5.0000000e-01  1.0000000e+00 
    22 :  6.6666666e-01  1.0000000e+00 
    23 :  8.3333334e-01  1.0000000e+00 
    24 :  4.8905243e-01  5.0257927e-01 
    25 :  6.6320854e-01  6.7764811e-01 
    26 :  3.1677205e-01  6.7077862e-01 
    27 :  3.2309360e-01  3.1732209e-01 
    28 :  6.7042742e-01  3.2821284e-01 
    29 :  4.8636961e-01  6.5089133e-01 
    30 :  3.4539636e-01  4.9292574e-01 
    31 :  6.3774339e-01  5.0746161e-01 
    32 :  4.9565793e-01  3.5233454e-01 
    33 :  8.0621729e-01  1.9455448e-01 
    34 :  1.9454141e-01  1.9046830e-01 
    35 :  8.0070575e-01  8.0793765e-01 
    36 :  1.9119028e-01  8.0353276e-01 
    37 :  5.7267775e-01  4.2355566e-01 
    38 :  5.6811834e-01  5.8628564e-01 
    39 :  4.9207868e-01  7.9591589e-01 
    40 :  2.0053308e-01  4.9324727e-01 
    41 :  7.9182196e-01  5.0411776e-01 
    42 :  4.9910804e-01  1.9822726e-01 
    43 :  4.1102880e-01  4.1201396e-01 
    44 :  4.1009316e-01  5.7897286e-01 
    45 :  3.3691256e-01  1.1746301e-01 
    46 :  8.7598516e-01  3.3885879e-01 
    47 :  1.1784043e-01  6.5788624e-01 
    48 :  6.5660538e-01  8.8029573e-01 
    49 :  8.7276000e-01  6.6406276e-01 
    50 :  6.6188063e-01  1.2265910e-01 
    51 :  3.3095043e-01  8.7827021e-01 
    52 :  1.2285598e-01  3.3346647e-01 
Number of quads 40 
     0 :     38     25     41     31 
     1 :     43     32     42     27 
     2 :     32     37     28     42 
     3 :     29     39     25     38 
     4 :     30     40     26     44 
     5 :     24     43     30     44 
     6 :     26     39     29     44 
     7 :     25     35     49     41 
     8 :     27     34     52     40 
     9 :     28     33     50     42 
    10 :     26     36     51     39 
    11 :     27     42     45     34 
    12 :     26     40     47     36 
    13 :     28     41     46     33 
    14 :     25     39     48     35 
    15 :     32     43     24     37 
    16 :     24     38     31     37 
    17 :     35      4      5     49 
    18 :     36     19     20     51 
    19 :     33      9     10     50 
    20 :     34     14     15     52 
    21 :     36     47     17     18 
    22 :     34     45     12     13 
    23 :     33     46      7      8 
    24 :     35     48     22     23 
    25 :     41     28     37     31 
    26 :     24     44     29     38 
    27 :      6     41     49      5 
    28 :     11     42     50     10 
    29 :     21     39     51     20 
    30 :     16     40     52     15 
    31 :      6      7     46     41 
    32 :     16     17     47     40 
    33 :     11     12     45     42 
    34 :     21     22     48     39 
    35 :     40     30     43     27 
    36 :     36     18      3     19 
    37 :     33      8      1      9 
    38 :     34     13      2     14 
    39 :     35     23      0      4 
