Number of nodes 28 
     0 :  1.0000000e+00  1.0000000e+00 
     1 :  1.0000000e+00  0.0000000e+00 
     2 :  0.0000000e+00  0.0000000e+00 
     3 :  0.0000000e+00  1.0000000e+00 
     4 :  1.0000000e+00  7.5000000e-01 
     5 :  1.0000000e+00  5.0000000e-01 
     6 :  1.0000000e+00  2.5000000e-01 
     7 :  7.5000000e-01  0.0000000e+00 
     8 :  5.0000000e-01  0.0000000e+00 
     9 :  2.5000000e-01  0.0000000e+00 
    10 :  0.0000000e+00  2.5000000e-01 
    11 :  0.0000000e+00  5.0000000e-01 
    12 :  0.0000000e+00  7.5000000e-01 
    13 :  2.5000000e-01  1.0000000e+00 
    14 :  5.0000000e-01  1.0000000e+00 
    15 :  7.5000000e-01  1.0000000e+00 
    16 :  1.6914270e-01  6.4482218e-01 
    17 :  2.6127934e-01  3.1586802e-01 
    18 :  5.4612152e-01  7.6636745e-01 
    19 :  1.3698163e-01  4.9564664e-01 
    20 :  3.4581724e-01  5.6762175e-01 
    21 :  7.8277508e-01  5.0957312e-01 
    22 :  5.3127167e-01  2.7075580e-01 
    23 :  3.2686611e-01  7.8451103e-01 
    24 :  5.5036840e-01  5.2733530e-01 
    25 :  7.7095576e-01  2.5526822e-01 
    26 :  1.8260360e-01  7.9465849e-01 
    27 :  7.7097568e-01  7.5690911e-01 
Number of quads 19 
     0 :     23     18     24     20 
     1 :     17     20     24     22 
     2 :     17     19     16     20 
     3 :     12     16     19     11 
     4 :      9     17     22      8 
     5 :     13     14     18     23 
     6 :      6      1      7     25 
     7 :      9      2     10     17 
     8 :     15      0      4     27 
     9 :      8     22     25      7 
    10 :      3     13     23     26 
    11 :     11     19     17     10 
    12 :      5     21     27      4 
    13 :      5      6     25     21 
    14 :      3     26     16     12 
    15 :     14     15     27     18 
    16 :     24     21     25     22 
    17 :     20     16     26     23 
    18 :     24     18     27     21 
