Number of nodes 185 
     0 :  1.0000000e+00  1.0000000e+00 
     1 :  1.0000000e+00  0.0000000e+00 
     2 :  0.0000000e+00  0.0000000e+00 
     3 :  0.0000000e+00  1.0000000e+00 
     4 :  1.0000000e+00  9.1666666e-01 
     5 :  1.0000000e+00  8.3333334e-01 
     6 :  1.0000000e+00  7.5000000e-01 
     7 :  1.0000000e+00  6.6666666e-01 
     8 :  1.0000000e+00  5.8333333e-01 
     9 :  1.0000000e+00  5.0000000e-01 
    10 :  1.0000000e+00  4.1666666e-01 
    11 :  1.0000000e+00  3.3333334e-01 
    12 :  1.0000000e+00  2.5000000e-01 
    13 :  1.0000000e+00  1.6666666e-01 
    14 :  1.0000000e+00  8.3333335e-02 
    15 :  9.1666666e-01  0.0000000e+00 
    16 :  8.3333334e-01  0.0000000e+00 
    17 :  7.5000000e-01  0.0000000e+00 
    18 :  6.6666666e-01  0.0000000e+00 
    19 :  5.8333333e-01  0.0000000e+00 
    20 :  5.0000000e-01  0.0000000e+00 
    21 :  4.1666666e-01  0.0000000e+00 
    22 :  3.3333334e-01  0.0000000e+00 
    23 :  2.5000000e-01  0.0000000e+00 
    24 :  1.6666666e-01  0.0000000e+00 
    25 :  8.3333335e-02  0.0000000e+00 
    26 :  0.0000000e+00  8.3333335e-02 
    27 :  0.0000000e+00  1.6666666e-01 
    28 :  0.0000000e+00  2.5000000e-01 
    29 :  0.0000000e+00  3.3333334e-01 
    30 :  0.0000000e+00  4.1666666e-01 
    31 :  0.0000000e+00  5.0000000e-01 
    32 :  0.0000000e+00  5.8333333e-01 
    33 :  0.0000000e+00  6.6666666e-01 
    34 :  0.0000000e+00  7.5000000e-01 
    35 :  0.0000000e+00  8.3333334e-01 
    36 :  0.0000000e+00  9.1666666e-01 
    37 :  8.3333335e-02  1.0000000e+00 
    38 :  1.6666666e-01  1.0000000e+00 
    39 :  2.5000000e-01  1.0000000e+00 
    40 :  3.3333334e-01  1.0000000e+00 
    41 :  4.1666666e-01  1.0000000e+00 
    42 :  5.0000000e-01  1.0000000e+00 
    43 :  5.8333333e-01  1.0000000e+00 
    44 :  6.6666666e-01  1.0000000e+00 
    45 :  7.5000000e-01  1.0000000e+00 
    46 :  8.3333334e-01  1.0000000e+00 
    47 :  9.1666666e-01  1.0000000e+00 
    48 :  5.0006697e-01  4.9982088e-01 
    49 :  7.1930176e-01  4.2173901e-01 
    50 :  2.8040305e-01  5.7816509e-01 
    51 :  5.7823527e-01  7.1924380e-01 
    52 :  4.2197609e-01  2.8070479e-01 
    53 :  8.0729875e-02  8.3516369e-01 
    54 :  8.3512917e-01  9.1927353e-01 
    55 :  1.6487212e-01  8.0726110e-02 
    56 :  9.1927385e-01  1.6487091e-01 
    57 :  5.5065275e-01  1.6611116e-01 
    58 :  4.4939932e-01  8.3385328e-01 
    59 :  8.3387916e-01  5.5059081e-01 
    60 :  1.6592814e-01  4.4945121e-01 
    61 :  3.4376540e-01  4.3932690e-01 
    62 :  4.3941881e-01  6.5607163e-01 
    63 :  5.6050653e-01  3.4363871e-01 
    64 :  6.5620361e-01  5.6040004e-01 
    65 :  6.1752863e-01  8.4676357e-01 
    66 :  3.8251785e-01  1.5322927e-01 
    67 :  8.4677088e-01  3.8247260e-01 
    68 :  1.5482983e-01  6.1813425e-01 
    69 :  5.5122503e-01  6.2887145e-01 
    70 :  4.4917169e-01  3.7107066e-01 
    71 :  3.7118682e-01  5.5078199e-01 
    72 :  6.2899938e-01  4.4868628e-01 
    73 :  7.2062860e-01  6.8978451e-01 
    74 :  2.7946007e-01  3.1015635e-01 
    75 :  6.8983193e-01  2.7935469e-01 
    76 :  3.1010724e-01  7.2060716e-01 
    77 :  9.2177525e-01  2.4661798e-01 
    78 :  2.4662215e-01  7.8224700e-02 
    79 :  7.8002680e-02  7.5348757e-01 
    80 :  7.5338233e-01  9.2177458e-01 
    81 :  7.1815680e-02  3.2522451e-01 
    82 :  9.2819150e-01  6.7477692e-01 
    83 :  3.2522714e-01  9.2819200e-01 
    84 :  6.7478357e-01  7.1807140e-02 
    85 :  8.3470212e-01  8.3538199e-01 
    86 :  1.6530584e-01  1.6461507e-01 
    87 :  1.6459365e-01  8.3475314e-01 
    88 :  8.3538483e-01  1.6529776e-01 
    89 :  7.5269680e-01  8.4245175e-01 
    90 :  2.4732272e-01  1.5754349e-01 
    91 :  1.5717375e-01  7.5284250e-01 
    92 :  8.4245618e-01  2.4730367e-01 
    93 :  6.6743989e-01  7.7828885e-01 
    94 :  3.3264698e-01  2.2169073e-01 
    95 :  7.7830887e-01  3.3255707e-01 
    96 :  2.2092588e-01  6.6759788e-01 
    97 :  5.2762985e-01  8.1289125e-01 
    98 :  4.7245917e-01  1.8707571e-01 
    99 :  8.1291936e-01  4.7236078e-01 
   100 :  1.8638801e-01  5.2775272e-01 
   101 :  4.7771957e-01  9.1615566e-01 
   102 :  5.2230258e-01  8.3833470e-02 
   103 :  9.1616392e-01  5.2227824e-01 
   104 :  8.3591165e-02  4.7779193e-01 
   105 :  6.7040447e-01  9.2017280e-01 
   106 :  3.2960855e-01  7.9824940e-02 
   107 :  9.2017495e-01  3.2959598e-01 
   108 :  7.9124455e-02  6.7058021e-01 
   109 :  5.9865952e-01  7.9277128e-01 
   110 :  4.0144748e-01  2.0720351e-01 
   111 :  2.0620598e-01  5.9881728e-01 
   112 :  7.9279659e-01  4.0133392e-01 
   113 :  5.0589195e-01  7.3343242e-01 
   114 :  4.9426141e-01  2.6647557e-01 
   115 :  7.3350649e-01  4.9406262e-01 
   116 :  2.6627988e-01  5.0581088e-01 
   117 :  4.9473293e-01  6.7465670e-01 
   118 :  5.0540924e-01  3.2517274e-01 
   119 :  6.7478669e-01  5.0516536e-01 
   120 :  3.2521782e-01  4.9454730e-01 
   121 :  8.3342134e-01  7.3640370e-01 
   122 :  1.6660102e-01  2.6358486e-01 
   123 :  2.6355788e-01  8.3344643e-01 
   124 :  7.3641775e-01  1.6657544e-01 
   125 :  3.0018661e-01  3.6200931e-01 
   126 :  6.9991035e-01  6.3787594e-01 
   127 :  6.3795532e-01  3.0004434e-01 
   128 :  3.6204981e-01  6.9980643e-01 
   129 :  4.1805462e-01  4.6517869e-01 
   130 :  4.6527835e-01  5.8184468e-01 
   131 :  5.3460615e-01  4.1781925e-01 
   132 :  5.8207996e-01  5.3450513e-01 
   133 :  2.5824382e-01  4.1763191e-01 
   134 :  7.4170829e-01  5.8226952e-01 
   135 :  5.8237233e-01  2.5825035e-01 
   136 :  4.1767431e-01  7.4162993e-01 
   137 :  6.4443175e-01  6.3300230e-01 
   138 :  3.5572885e-01  3.6686809e-01 
   139 :  6.3308907e-01  3.5550355e-01 
   140 :  3.6688984e-01  6.4425533e-01 
   141 :  5.7561427e-01  8.9854710e-01 
   142 :  4.2441837e-01  1.0144290e-01 
   143 :  8.9855571e-01  4.2438399e-01 
   144 :  1.0066099e-01  5.7577327e-01 
   145 :  7.4189477e-01  7.6260719e-01 
   146 :  2.5816012e-01  2.3737128e-01 
   147 :  2.3707638e-01  7.4197638e-01 
   148 :  7.6262716e-01  2.5810086e-01 
   149 :  2.1212595e-01  3.4155162e-01 
   150 :  7.8789187e-01  6.5841203e-01 
   151 :  3.4153464e-01  7.8787337e-01 
   152 :  6.5845719e-01  2.1209272e-01 
   153 :  3.4913413e-01  2.9431845e-01 
   154 :  6.5102156e-01  7.0562375e-01 
   155 :  7.0567733e-01  3.4895245e-01 
   156 :  2.9406834e-01  6.5097411e-01 
   157 :  9.1771508e-01  8.3331829e-01 
   158 :  8.2288600e-02  1.6668013e-01 
   159 :  1.6668276e-01  9.1772857e-01 
   160 :  8.3332017e-01  8.2284610e-02 
   161 :  1.4434466e-01  3.7507362e-01 
   162 :  8.5562208e-01  6.2492703e-01 
   163 :  3.7505928e-01  8.5560901e-01 
   164 :  6.2495952e-01  1.4436949e-01 
   165 :  3.9905363e-01  9.2588699e-01 
   166 :  6.0096001e-01  7.4104860e-02 
   167 :  9.2589234e-01  6.0094457e-01 
   168 :  7.4061630e-02  3.9907174e-01 
   169 :  1.2539343e-01  3.2374938e-01 
   170 :  8.7460782e-01  6.7624632e-01 
   171 :  3.2374322e-01  8.7460819e-01 
   172 :  6.7626380e-01  1.2538768e-01 
   173 :  9.2225946e-01  7.5027191e-01 
   174 :  7.7746680e-02  2.4972575e-01 
   175 :  2.4972440e-01  9.2226907e-01 
   176 :  7.5027674e-01  7.7739510e-02 
   177 :  6.7424343e-01  8.4685936e-01 
   178 :  3.2579709e-01  1.5313161e-01 
   179 :  8.4686811e-01  3.2575602e-01 
   180 :  1.5214092e-01  6.7445511e-01 
   181 :  9.1727194e-01  9.1739079e-01 
   182 :  8.2611205e-02  9.1728257e-01 
   183 :  8.2729285e-02  8.2608740e-02 
   184 :  9.1739129e-01  8.2728020e-02 
Number of quads 160 
     0 :     54     80     45     46 
     1 :     56     77     12     13 
     2 :     53     79     34     35 
     3 :     55     78     23     24 
     4 :     69    117    113     51 
     5 :     70    118    114     52 
     6 :     72    119    115     49 
     7 :     71    120    116     50 
     8 :    100    116    133     60 
     9 :     99    115    134     59 
    10 :     98    114    135     57 
    11 :     97    113    136     58 
    12 :    134     64    137    126 
    13 :    132     69    137     64 
    14 :    133     61    138    125 
    15 :    129     70    138     61 
    16 :    135     63    139    127 
    17 :    131     72    139     63 
    18 :    136     62    140    128 
    19 :    130     71    140     62 
    20 :     43     44    105    141 
    21 :     21     22    106    142 
    22 :     32     33    108    144 
    23 :     10     11    107    143 
    24 :     48    130     69    132 
    25 :     62    117     69    130 
    26 :     48    131     70    129 
    27 :     63    118     70    131 
    28 :     48    129     71    130 
    29 :     61    120     71    129 
    30 :     48    132     72    131 
    31 :     64    119     72    132 
    32 :     90     78     55     86 
    33 :     91     79     53     87 
    34 :     89     80     54     85 
    35 :     92     77     56     88 
    36 :    154     93    145     73 
    37 :    153     94    146     74 
    38 :    156     96    147     76 
    39 :    155     95    148     75 
    40 :    109     97    141     65 
    41 :    110     98    142     66 
    42 :    112     99    143     67 
    43 :    111    100    144     68 
    44 :     51    109     93    154 
    45 :     52    110     94    153 
    46 :     49    112     95    155 
    47 :     50    111     96    156 
    48 :     51    113     97    109 
    49 :     52    114     98    110 
    50 :     49    115     99    112 
    51 :     50    116    100    111 
    52 :     62    136    113    117 
    53 :     63    135    114    118 
    54 :     64    134    115    119 
    55 :     61    133    116    120 
    56 :     70     52    153    138 
    57 :     74    125    138    153 
    58 :     69     51    154    137 
    59 :     73    126    137    154 
    60 :     72     49    155    139 
    61 :     75    127    139    155 
    62 :     71     50    156    140 
    63 :     76    128    140    156 
    64 :     33     34     79    108 
    65 :     11     12     77    107 
    66 :     22     23     78    106 
    67 :     44     45     80    105 
    68 :     32    144    104     31 
    69 :     60    104    144    100 
    70 :     10    143    103      9 
    71 :     59    103    143     99 
    72 :     21    142    102     20 
    73 :     57    102    142     98 
    74 :     43    141    101     42 
    75 :     58    101    141     97 
    76 :     91     87    123    147 
    77 :     92     88    124    148 
    78 :     90     86    122    146 
    79 :     89     85    121    145 
    80 :    147    123    151     76 
    81 :     76    151    136    128 
    82 :    148    124    152     75 
    83 :     75    152    135    127 
    84 :    146    122    149     74 
    85 :     74    149    133    125 
    86 :    145    121    150     73 
    87 :     73    150    134    126 
    88 :    133    149    161     60 
    89 :    134    150    162     59 
    90 :    136    151    163     58 
    91 :    135    152    164     57 
    92 :     58    163    165    101 
    93 :     57    164    166    102 
    94 :     59    162    167    103 
    95 :     60    161    168    104 
    96 :    161    149    122    169 
    97 :    162    150    121    170 
    98 :    163    151    123    171 
    99 :    164    152    124    172 
   100 :      6    173    157      5 
   101 :     28    174    158     27 
   102 :     39    175    159     38 
   103 :     17    176    160     16 
   104 :    109     65    177     93 
   105 :     80     89    177    105 
   106 :    145     93    177     89 
   107 :    141    105    177     65 
   108 :    110     66    178     94 
   109 :     78     90    178    106 
   110 :    146     94    178     90 
   111 :    142    106    178     66 
   112 :    112     67    179     95 
   113 :     77     92    179    107 
   114 :    148     95    179     92 
   115 :    143    107    179     67 
   116 :    111     68    180     96 
   117 :     79     91    180    108 
   118 :    147     96    180     91 
   119 :    144    108    180     68 
   120 :     81    168    161    169 
   121 :     82    167    162    170 
   122 :     83    165    163    171 
   123 :     84    166    164    172 
   124 :     31    104    168     30 
   125 :     30    168     81     29 
   126 :      9    103    167      8 
   127 :      8    167     82      7 
   128 :     20    102    166     19 
   129 :     19    166     84     18 
   130 :     42    101    165     41 
   131 :     41    165     83     40 
   132 :     18     84    176     17 
   133 :     88    160    176    124 
   134 :     84    172    124    176 
   135 :     40     83    175     39 
   136 :     87    159    175    123 
   137 :     83    171    123    175 
   138 :      7     82    173      6 
   139 :     85    157    173    121 
   140 :     82    170    121    173 
   141 :     29     81    174     28 
   142 :     86    158    174    122 
   143 :     81    169    122    174 
   144 :     47      0      4    181 
   145 :     36      3     37    182 
   146 :     25      2     26    183 
   147 :     15    184     14      1 
   148 :     35     36    182     53 
   149 :     13     14    184     56 
   150 :     24     25    183     55 
   151 :     46     47    181     54 
   152 :     37     38    159    182 
   153 :     87     53    182    159 
   154 :     15     16    160    184 
   155 :     88     56    184    160 
   156 :     26     27    158    183 
   157 :     86     55    183    158 
   158 :      4      5    157    181 
   159 :     85     54    181    157 
