Number of nodes 96 
     0 :  1.0000000e+00  1.0000000e+00 
     1 :  1.0000000e+00  0.0000000e+00 
     2 :  0.0000000e+00  0.0000000e+00 
     3 :  0.0000000e+00  1.0000000e+00 
     4 :  1.0000000e+00  8.7500000e-01 
     5 :  1.0000000e+00  7.5000000e-01 
     6 :  1.0000000e+00  6.2500000e-01 
     7 :  1.0000000e+00  5.0000000e-01 
     8 :  1.0000000e+00  3.7500000e-01 
     9 :  1.0000000e+00  2.5000000e-01 
    10 :  1.0000000e+00  1.2500000e-01 
    11 :  8.7500000e-01  0.0000000e+00 
    12 :  7.5000000e-01  0.0000000e+00 
    13 :  6.2500000e-01  0.0000000e+00 
    14 :  5.0000000e-01  0.0000000e+00 
    15 :  3.7500000e-01  0.0000000e+00 
    16 :  2.5000000e-01  0.0000000e+00 
    17 :  1.2500000e-01  0.0000000e+00 
    18 :  0.0000000e+00  1.2500000e-01 
    19 :  0.0000000e+00  2.5000000e-01 
    20 :  0.0000000e+00  3.7500000e-01 
    21 :  0.0000000e+00  5.0000000e-01 
    22 :  0.0000000e+00  6.2500000e-01 
    23 :  0.0000000e+00  7.5000000e-01 
    24 :  0.0000000e+00  8.7500000e-01 
    25 :  1.2500000e-01  1.0000000e+00 
    26 :  2.5000000e-01  1.0000000e+00 
    27 :  3.7500000e-01  1.0000000e+00 
    28 :  5.0000000e-01  1.0000000e+00 
    29 :  6.2500000e-01  1.0000000e+00 
    30 :  7.5000000e-01  1.0000000e+00 
    31 :  8.7500000e-01  1.0000000e+00 
    32 :  5.0212258e-01  4.9651208e-01 
    33 :  6.7105418e-01  6.8446445e-01 
    34 :  6.7900550e-01  3.1769077e-01 
    35 :  3.2705456e-01  3.1719381e-01 
    36 :  7.7972018e-01  5.1853286e-01 
    37 :  5.1941689e-01  2.1013021e-01 
    38 :  4.7050313e-01  7.8217356e-01 
    39 :  2.2654293e-01  4.8713257e-01 
    40 :  7.7876569e-01  1.8614359e-01 
    41 :  1.8644246e-01  2.2067089e-01 
    42 :  8.1314164e-01  7.8551321e-01 
    43 :  6.3093253e-01  3.9721121e-01 
    44 :  5.6787746e-01  6.5170418e-01 
    45 :  4.3139586e-01  3.4570351e-01 
    46 :  3.9161335e-01  5.8088173e-01 
    47 :  7.9466776e-01  6.0341486e-01 
    48 :  5.9977685e-01  2.0091049e-01 
    49 :  2.0653902e-01  3.9951235e-01 
    50 :  3.5483802e-01  7.8083848e-01 
    51 :  6.1231044e-01  8.8486573e-01 
    52 :  8.8239555e-01  3.8580892e-01 
    53 :  1.1958368e-01  6.2307561e-01 
    54 :  3.8482720e-01  1.1507969e-01 
    55 :  3.5934720e-01  4.5731899e-01 
    56 :  5.5426250e-01  3.0015684e-01 
    57 :  6.4716793e-01  5.4175459e-01 
    58 :  4.3791634e-01  6.8076167e-01 
    59 :  5.0847808e-01  1.0914586e-01 
    60 :  8.8755855e-01  5.0917540e-01 
    61 :  4.8778909e-01  8.8995300e-01 
    62 :  1.1684029e-01  4.9606388e-01 
    63 :  1.2831375e-01  3.5480843e-01 
    64 :  6.4616946e-01  1.2617099e-01 
    65 :  8.7138990e-01  6.4632919e-01 
    66 :  3.6357902e-01  8.8792002e-01 
    67 :  8.6198442e-01  2.4554367e-01 
    68 :  2.4592067e-01  1.3842323e-01 
    69 :  7.5150995e-01  8.6068202e-01 
    70 :  1.1992254e-01  7.5092700e-01 
    71 :  7.6576818e-01  4.0265559e-01 
    72 :  5.8904428e-01  7.7445220e-01 
    73 :  4.0825016e-01  2.2510702e-01 
    74 :  2.6709062e-01  6.2932726e-01 
    75 :  3.5530025e-01  6.9993903e-01 
    76 :  7.3157216e-01  6.4351295e-01 
    77 :  6.4148364e-01  2.5847393e-01 
    78 :  2.7096462e-01  3.6035754e-01 
    79 :  8.8329106e-01  8.8137840e-01 
    80 :  1.1444853e-01  1.1586070e-01 
    81 :  1.1967243e-01  8.7601840e-01 
    82 :  8.8268853e-01  1.1490688e-01 
    83 :  2.1766492e-01  2.8247096e-01 
    84 :  7.1730575e-01  2.1639245e-01 
    85 :  7.7967446e-01  7.1866595e-01 
    86 :  2.4081320e-01  7.6297373e-01 
    87 :  7.5123674e-01  3.0039006e-01 
    88 :  3.0242406e-01  2.4541683e-01 
    89 :  6.9351119e-01  7.5495784e-01 
    90 :  4.8316263e-01  5.6856229e-01 
    91 :  5.1975835e-01  4.2443969e-01 
    92 :  8.9062414e-01  7.7213997e-01 
    93 :  1.0710288e-01  2.2691516e-01 
    94 :  2.3907365e-01  8.8123564e-01 
    95 :  7.7214302e-01  1.0777227e-01 
Number of quads 79 
     0 :     32     55     46     90 
     1 :     55     32     91     45 
     2 :     32     57     43     91 
     3 :     57     32     90     44 
     4 :     44     33     76     57 
     5 :     43     34     77     56 
     6 :     45     35     78     55 
     7 :     54     15     16     68 
     8 :     52      8      9     67 
     9 :     53     22     23     70 
    10 :     51     29     30     69 
    11 :     57     36     71     43 
    12 :     58     38     72     44 
    13 :     55     39     74     46 
    14 :     56     37     73     45 
    15 :     58     46     74     75 
    16 :     61     51     72     38 
    17 :     60     52     71     36 
    18 :     59     54     73     37 
    19 :     62     53     74     39 
    20 :     50     66     61     38 
    21 :     48     64     59     37 
    22 :     47     65     60     36 
    23 :     49     63     62     39 
    24 :     54     59     14     15 
    25 :     53     62     21     22 
    26 :     51     61     28     29 
    27 :     52     60      7      8 
    28 :     11     82     10      1 
    29 :     25     81     24      3 
    30 :      4     79     31      0 
    31 :     18     80     17      2 
    32 :     48     37     56     77 
    33 :     50     38     58     75 
    34 :     49     39     55     78 
    35 :     47     36     57     76 
    36 :     44     72     89     33 
    37 :     45     73     88     35 
    38 :     43     71     87     34 
    39 :     46     58     44     90 
    40 :     43     56     45     91 
    41 :     20     21     62     63 
    42 :     27     28     61     66 
    43 :      6      7     60     65 
    44 :     13     14     59     64 
    45 :     76     85     65     47 
    46 :     78     83     63     49 
    47 :     77     84     64     48 
    48 :     68     41     83     88 
    49 :     67     40     84     87 
    50 :     69     42     85     89 
    51 :     94     66     50     86 
    52 :     95     64     84     40 
    53 :     92     65     85     42 
    54 :     93     63     83     41 
    55 :      6     65     92      5 
    56 :     27     66     94     26 
    57 :     13     64     95     12 
    58 :     20     63     93     19 
    59 :     74     53     70     86 
    60 :     71     52     67     87 
    61 :     72     51     69     89 
    62 :     73     54     68     88 
    63 :     92     42     69     79 
    64 :     95     40     67     82 
    65 :     93     41     68     80 
    66 :     94     86     70     81 
    67 :     77     34     87     84 
    68 :     78     35     88     83 
    69 :     74     86     50     75 
    70 :     76     33     89     85 
    71 :     12     95     82     11 
    72 :     19     93     80     18 
    73 :      5     92     79      4 
    74 :     26     94     81     25 
    75 :     16     17     80     68 
    76 :      9     10     82     67 
    77 :     23     24     81     70 
    78 :     30     31     79     69 
